ID_1,(2, 3),[2]
ID_1,(2, 8),[4]
ID_1,(4, 2),[5]
ID_1,(4, 5),[6]
ID_4,(1, 3),[5]
ID_4,(1, 5),[2, 3, 4, 7]
ID_4,(1, 6),[2, 3, 4]
ID_4,(1, 7),[4, 7]
ID_4,(1, 9),[4, 5]
ID_4,(2, 1),[7]
ID_4,(2, 5),[7, 9]
ID_4,(2, 7),[1, 6, 7]
ID_4,(2, 9),[1]
ID_4,(3, 4),[7]
ID_4,(3, 6),[4]
ID_4,(3, 8),[4, 7, 8]
ID_4,(3, 9),[4, 5]
ID_4,(4, 2),[6]
ID_4,(4, 3),[1, 6, 8]
ID_4,(4, 5),[1, 2, 3]
ID_4,(4, 7),[1, 2, 8]
ID_4,(4, 8),[3, 8]
ID_4,(5, 5),[1, 5]
ID_4,(5, 6),[1, 5]
ID_4,(5, 7),[1, 7, 8]
ID_4,(5, 8),[7, 8]
ID_4,(6, 1),[1]
ID_4,(6, 2),[6, 9]
ID_4,(6, 4),[6]
ID_4,(6, 6),[1, 2, 3, 6]
ID_4,(6, 8),[3, 4]
ID_4,(6, 9),[1, 2, 4]
ID_4,(7, 3),[1, 6]
ID_4,(7, 5),[1, 4, 7]
ID_4,(7, 6),[1, 4, 6]
ID_4,(7, 7),[4]
ID_4,(8, 1),[4, 7]
ID_4,(8, 2),[5, 6, 7]
ID_4,(8, 5),[4, 5, 7]
ID_4,(8, 6),[4, 5, 6]
ID_4,(9, 1),[1, 4, 8]
ID_4,(9, 2),[5]
ID_4,(9, 3),[1, 5, 8]
ID_4,(9, 5),[1, 4, 5, 9]
ID_4,(9, 6),[1, 4, 5, 9]
ID_4,(9, 7),[2, 4]
ID_5,(1, 3),[5]
ID_5,(1, 5),[2, 3, 4, 7]
ID_5,(1, 6),[2, 3, 4]
ID_5,(1, 7),[4, 7]
ID_5,(1, 9),[4, 5]
ID_5,(2, 1),[7]
ID_5,(2, 5),[7, 9]
ID_5,(2, 7),[1, 6, 7]
ID_5,(2, 9),[1]
ID_5,(3, 3),[5, 9]
ID_5,(3, 4),[7]
ID_5,(3, 6),[4, 9]
ID_5,(3, 8),[4, 7, 8]
ID_5,(3, 9),[4, 5]
ID_5,(4, 2),[6]
ID_5,(4, 3),[1, 6, 8]
ID_5,(4, 5),[1, 2, 3]
ID_5,(4, 7),[1, 2, 8]
ID_5,(4, 8),[3, 8]
ID_5,(5, 5),[1, 5]
ID_5,(5, 6),[1, 5]
ID_5,(5, 7),[1, 7, 8]
ID_5,(5, 8),[7, 8]
ID_5,(6, 1),[1]
ID_5,(6, 2),[6, 9]
ID_5,(6, 4),[6]
ID_5,(6, 6),[1, 2, 3, 6]
ID_5,(6, 8),[3, 4]
ID_5,(6, 9),[1, 2, 4]
ID_5,(7, 3),[1, 6]
ID_5,(7, 5),[1, 4, 7]
ID_5,(7, 6),[1, 4, 6]
ID_5,(7, 7),[4]
ID_5,(8, 1),[4, 7]
ID_5,(8, 2),[5, 6, 7]
ID_5,(8, 5),[4, 5, 7]
ID_5,(8, 6),[4, 5, 6]
ID_5,(9, 1),[1, 4, 8]
ID_5,(9, 2),[5]
ID_5,(9, 3),[1, 5, 8]
ID_5,(9, 5),[1, 4, 5, 9]
ID_5,(9, 6),[1, 4, 5, 9]
ID_5,(9, 7),[2, 4]
